........................................... Actor processing time ...........................................
61000,94720,98560,90,260,1280,10,140,56000,360,13700,0

.............................................. Topology matrix ..............................................
Number of edges(rows):12
1024,-1024,0,0,0,0,0,0,0,0,0,0
0,1024,-1024,0,0,0,0,0,0,0,0,0
0,0,1024,-1024,0,0,0,0,0,0,0,0
0,0,0,1024,-8,0,0,0,0,0,0,0
0,0,0,0,8,-8,0,0,0,0,0,0
0,0,0,0,0,8,-8,0,0,0,0,0
0,0,0,0,0,0,8,-8,0,0,0,0
0,0,0,0,8,0,0,0,-8,0,0,0
0,0,0,0,0,0,0,0,8,-8,0,0
0,0,0,0,0,0,0,0,0,8,-8,0
0,0,0,0,0,0,0,1024,0,0,0,-1024
0,0,0,0,0,0,0,0,0,0,1024,-1024

................................................ Marking vector ................................................
0,0,0,0,0,0,0,0,0,0,0,0

............................................ Number of system clocks ...........................................
Number of system clocks:600000
number of input token:1